# @package _global_
model:
  depth: 22

log:
  model_tag: gp_1

optim:
  embedding_lr: 0.5523280036399338
  final_lr_frac: 0.0654842194797546
  matrix_lr: 0.02288677214973025
  scalar_lr: 0.5307455360978581
  unembedding_lr: 0.020010716932981044
  warmdown_ratio: 0.5654467764649278
  weight_decay: 0.24031001569613422
