# @package _global_
model:
  depth: 22

log:
  model_tag: linear_0

optim:
  embedding_lr: 0.8972678586096234
  final_lr_frac: 0.015414948984825573
  matrix_lr: 0.0063995863362624
  scalar_lr: 0.1270021378369681
  unembedding_lr: 0.009967036087591526
  warmdown_ratio: 0.7564896944861865
  weight_decay: 0.18711652946052393
