# @package _global_
model:
  depth: 22

log:
  model_tag: random_1

optim:
  embedding_lr: 0.6368455383367198
  final_lr_frac: 0.03681307845788322
  matrix_lr: 0.019832529433985783
  scalar_lr: 0.40974668930691616
  unembedding_lr: 0.03137112621394193
  warmdown_ratio: 0.37811470503887357
  weight_decay: 0.30499313011587426
